25386
12417
10401
9459
10270
567033
732
279608
437447
30491
190120
16162
374866
55869
1138
9129
10665
5215
286049
14522
126942
16084
30077
143863
16984
10656
11881
638070
5627
126938
16225
549158
16778
31777
37138
13533
379593
692346
156560
11895
217721
7838
162406
18080
7070
446533
369971
626352
21468
487547
3084
375415
183019
188900
9792
13426
13445
39790
42594
217552
425596
235681
6438
627633
18137
440722
90717
17609
31650
142269
427640
120303
417748
433291
221552
3537
585245
25026
6981
16486
13456
8533
15933
10334
7873
13514
7351
13440
267320
7948
12893
433302
42109
2089
16935
590291
433110
8691
12213
161444
431429
156454
12038
16508
90415
13318
446449
13124
433499
425558
10370
10607
101278
204102
13858
133324
264642
438520
1278
217420
38925
433308
9816
6123
1514
684649
97028
7768
430763
31947
16975
157609
463372
37290
10397
560897
208532
268171
21805
10804
1654
410929
17053
223000
14857
520395
10367
21301
68065
7416
2393
12151
625513
308
8788
9817
440506
51005
5450
143842
88923
37134
14711
225759
10305
430717
2247
90390
560992
441255
38290
180463
433307
8752
25158
16510
469
694732
30573
625506
10206
426103
433441
12454
11446
4346
4039
10473
97189
375401
66858
30230
406891
453209
4311
7381
4753
242473
17849
560912
48651
446633
618082
162138
30621
18443
9436
13414
6498
433354
97631
36507
17
222005
97592
50854
599321
37309
55548
100530
433507
14025
626353
3229
222932
4279
458635
11087
440705
10280
676
210015
369794
42128
427758
691298
431461
548137
18070
64675
13430
39103
9119
39521
426021
599199
374857
16340
527898
37632
137622
97643
224833
446294
440678
586273
267319
2557
407115
12101
9547
140598
605
433320
10580
156464
638533
43553
625503
65985
3802
284411
31012
9822
93493
636330
191368
25112
97121
375256
528341
181327
51711
226415
406597
433431
587099
440715
520606
218222
556296
1646
665
440536
5702
3760
3351
5021
38325
11756
7954
418531
592161
194810
88869
6809
433470
56815
38962
438832
4098
13446
30117
6500
8638
39101
659
210773
460461
11126
156579
251575
5782
202181
64355
30483
3087
217458
439677
39707
208073
433322
31157
38983
161982
433460
12370
100655
68306
180187
6191
17372
280002
2550
6441
206651
218093
203603
100354
5022
10785
433248
56438
50954
8363
97095
30113
636265
429706
207567
10013
97182
30451
11091
30719
4245
437122
503503
14277
2197
160373
16996
10225
559577
39823
5211
102549
16039
13880
137621
139532
29894
376668
446627
14430
144016
17865
574319
9828
217274
208540
92400
252950
167190
467902
37133
7765
9281
791
17075
65623
433139
204816
694349
619954
265850
9131
9435
208521
488622
627165
30928
619000
253087
9876
14007
642947
15939
217595
635412
25049
375287
578186
127137
222911
440725
433207
438589
207968
425805
449533
12317
16502
139624
218975
66749
143992
66037
4435
5532
640911
377257
200735
14795
427580
5368
208167
2454
5701
14323
205177
446511
935
127077
56814
598930
25148
498797
16230
1262
1720
433380
17782
16907
268134
719
446589
264710
375760
250
251567
2873
459644
550458
17874
92268
162005
30336
446591
102579
64619
144036
5208
495569
16083
25118
29895
39563
253151
24782
126919
11752
14082
10317
623397
56148
562092
431470
64645
25223
8450
16673
90409
31190
598970
16252
8599
8295
97245
5250
50909
438287
655883
433249
56810
65610
37135
447078
402285
50865
444871
9268
13471
668
625491
88867
372209
1089
4121
7482
11823
431935
217230
524199
11876
181593
222987
162222
125553
639902
13942
13879
39652
13591
13019
188789
30589
127149
161413
156449
1901
17832
440588
2667
217594
374884
29708
6920
65992
627636
641795
481
276
8996
664753
374865
183231
2459
584593
224320
29980
618670
7985
208360
3081
21482
5478
7156
6720
2950
6859
17476
4835
8772
381537
4875
433504
16862
5895
31107
56813
100305
625113
13307
163139
30335
2553
25294
5732
375904
217455
2856
41057
225924
35535
217745
576549
13882
425757
60533
625292
10858
7602
6583
41298
590961
2540
67161
2838
625511
7700
41103
39501
126446
280785
251211
30210
127191
217661
139591
9302
97276
453284
13063
618098
17912
200
218235
30872
446530
617
434045
433325
571
545494
198025
14543
6488
6643
192379
10363
36392
618930
9209
279891
522910
162458
560890
691806
8614
68216
379257
530440
2523
252963
16524
3774
545103
16942
430802
14330
31609
29762
8466
25289
662197
10205
417745
224760
9809
97009
88652
590805
12181
97209
208977
68847
6512
544830
433333
4439
25163
477459
7573
561158
573778
13419
2065
92301
10396
517665
440518
552467
446599
13447
16511
224637
425706
9388
7272
30101
4598
48093
370577
218227
433273
3657
280505
219170
9537
76
8768
13302
13066
162404
7956
9469
11469
159775
559835
14254
10694
31108
433281
3698
251488
656236
12216
433119
12700
375377
449346
446674
377269
66869
99110
25200
447148
217719
3008
433094
7764
8557
7329
14066
9339
225761
430337
29898
17301
8066
4640
8564
8410
196807
37061
2433
242680
4314
10795
4320
13341
209005
3068
16222
30067
15998
13421
187848
1063
372112
90135
17415
523337
60664
204067
41942
24828
440586
440515
625293
5595
7095
53869
14010
11691
577426
374885
372232
914
217116
13841
100541
4139
89994
217878
30624
268047
625519
226065
188876
14666
4288
90403
143224
41120
375343
4327
24496
374068
200087
590785
8594
407060
638537
3478
204275
375397
30749
14492
39531
426107
523179
30698
210082
29903
97008
633839
18082
8914
210047
39602
9076
637503
60668
191357
279605
10180
203873
556244
8323
212803
651569
446555
13396
144076
5699
60514
53099
137625
5350
449964
689349
6492
369766
1751
30349
375995
599408
430783
1947
1941
102726
438731
619007
217715
60770
523149
90049
8740
222950
16506
181319
633546
430972
132890
16987
218221
18207
67274
12379
7241
10029
38444
50875
689404
586982
92258
3504
18332
11624
38274
12037
440505
218225
440664
31681
7077
41889
265491
492866
2549
492926
548995
68746
440699
250969
626258
10371
419454
5482
433502
216542
30232
142
492990
650391
40009
523090
638179
3003
619551
8629
441239
7664
31604
433346
319903
156221
161160
42062
12098
4076
11736
440519
372191
97000
440630
38416
14727
40992
627177
223091
30997
25162
694063
428918
559448
254185
372239
12751
55854
16513
587223
14783
5358
463527
16311
13127
38411
430715
1800
16745
8454
198030
253091
193038
189931
438814
13890
25205
206015
204115
16224
10148
9786
98029
8901
587190
242886
7527
16358
4332
9123
446451
13450
192380
21424
102450
88767
267317
253225
8689
156565
88996
31011
21485
694694
190253
426105
253142
198
12905
13448
13459
21143
160374
14796
12633
17775
190358
189484
29624
949
52475
7878
17169
8952
393588
669
598993
100391
433096
215235
547526
162524
433314
909
17871
162080
10776
2874
9530
635414
217687
17876
458684
67208
5479
11892
585573
13623
426016
5474
440663
37291
1600
6827
433287
42140
4526
30082
290700
44185
16354
446545
433433
1985
440517
8741
11470
496595
12303
2370
14065
653457
67279
39506
533814
92660
234697
560007
2949
7886
143111
431166
97267
38366
641237
60753
5036
14773
39974
6569
372190
4385
16345
161158
37093
65801
18076
37307
12825
433475
6073
440712
30848
13905
433501
440721
9470
4916
183645
433103
126411
1713
13529
267352
212776
214095
375849
446603
14781
586635
440670
96711
433202
425681
5044
284682
433367
446285
8337
440708
208668
237
11524
36950
5418
3015
5038
429191
433494
97096
425622
16226
16446
1522
140739
6056
1939
635274
65957
7215
7958
433476
523005
653859
10042
13015
8997
625460
207817
440572
191359
29775
92267
9950
692069
6267
158422
17755
7960
16330
17357
17764
5612
65590
99575
31606
203823
40526
160161
440635
208697
199435
190360
488628
41937
433503
24995
24430
410632
160132
1550
30090
30623
50353
162618
448039
38949
217716
372250
7069
13045
662
15904
13530
560602
435323
217612
549805
430856
3878
438560
635715
2521
5789
218105
372542
524196
181586
7071
16856
252985
417760
10381
24449
53149
18020
446577
10976
214076
40187
433514
2206
13453
476
625474
691284
40008
265119
162457
2923
2545
162409
9781
5159
18203
17838
13951
10613
651292
5904
92122
645443
10075
65676
162456
13436
433519
450370
4628
213963
10171
440653
268167
161409
7025
25071
16738
4440
446620
183013
2505
188733
210035
10469
440633
265523
4558
10377
625185
30593
372596
236059
6057
21689
5356
10210
6977
100643
15906
625516
97244
265854
15946
465758
13541
30391
12614
208456
10601
42056
219187
427936
21078
692118
6794
433295
214500
379528
440915
8365
14202
375253
25280
30023
24558
226360
8525
492801
487654
217710
433377
433528
242883
380389
438831
2461
8888
24453
11014
189063
126918
126923
657348
30757
375984
31844
374344
940
100300
12878
492897
4643
143191
8704
13415
2180
64677
12822
492763
17644
253219
633698
13020
9255
6346
491
68744
13428
17520
6147
430791
505719
143219
446584
4623
183420
68528
225532
13482
5945
253272
5635
219227
522565
433522
30390
5052
65677
433236
102645
16159
470215
13423
10993
160167
156583
446148
440554
433506
598791
16249
488843
11443
6744
17902
440643
623092
14495
67270
2538
6453
17173
425842
437890
35642
625168
5730
11934
9982
440723
417742
30159
17456
279909
375251
13934
694667
66500
4770
16221
41291
372242
430623
488354
13468
13403
8135
11307
204092
64674
25091
12731
200846
213931
253018
580731
440913
449302
15934
38408
2431
188923
562048
17309
37089
3416
54471
253057
431468
692228
208547
93457
1788
446658
433100
424654
559446
2603
11537
10573
13442
39260
158939
280942
67281
218094
120302
422
14552
97207
552833
437965
