372862
599357
155992
252192
242897
636315
21172
551240
217024
375275
35606
554444
633799
619112
487482
631614
620024
545108
545072
132837
372649
67543
36167
11013
562341
254179
430314
553089
627595
6019
638317
384328
559935
619970
191120
488379
370476
390621
432584
436991
180145
631794
376407
430373
234460
522898
214474
143887
370802
212799
452018
441186
200775
264474
376115
403726
402218
191061
691989
56613
93
636692
372660
156677
432044
183087
191164
553965
225136
251883
432071
461422
551841
215980
578600
520988
434896
559712
252051
427168
633796
426640
427055
551009
374111
373430
265995
555789
41204
551711
636946
429318
130158
545042
56325
599571
446277
376317
235084
236407
521372
551722
637048
424407
183287
619167
41174
245630
372484
45358
236148
599526
201326
406892
56344
56618
549316
203604
372860
251480
627005
253223
99876
251901
374147
429935
522630
498709
376081
459563
39725
265267
431512
376709
402153
555765
214352
587470
638610
214097
522720
421936
159784
493061
551555
421418
68186
376111
552872
452575
99939
619158
126949
251836
16031
422403
183306
522905
427092
557121
402148
102724
446306
41165
382096
421749
402222
376028
562292
402158
432052
370239
536918
391610
561264
370939
684629
452965
246614
447402
692200
599583
372354
429477
156120
208788
551388
376743
207882
551717
625500
559542
191052
599060
376711
232061
551815
190991
204273
36454
216934
552260
427069
694398
36360
402187
191250
438073
470216
6020
376100
1346
43144
219185
370854
694640
560395
125436
252107
452573
625489
234365
557555
496619
371140
253097
555368
126245
585277
627408
562448
488053
523451
132927
38341
522692
520833
590321
100422
449889
430390
627599
427112
36230
211062
12001
556182
402167
495841
556158
523388
635347
521830
56471
636021
376344
691937
522472
370483
411835
35665
432198
402152
694314
158907
102784
242899
55435
619160
559856
427070
421581
565471
542951
551311
446646
626976
419090
232793
66964
285909
552903
690333
550646
180996
36846
438161
251770
251118
492939
161282
433187
373922
159396
265983
217329
427127
376647
208470
627084
217136
39701
675
225075
126892
402188
522921
221285
183280
626990
402214
375833
635225
632355
234380
214199
421864
376738
183320
694312
430274
556994
369660
376524
251955
252014
200194
207944
559871
627328
438169
376370
202194
205992
549341
418226
555971
224089
557150
375299
251400
618141
524687
561233
690344
16917
684628
631689
643636
190977
402156
268077
372361
376211
553521
444308
522941
66412
349458
522671
649310
691958
222578
565357
36354
431961
560523
254158
431523
65898
458681
692029
418482
56368
36145
183351
428195
438804
450543
132928
203524
190979
56371
222975
373913
627370
522514
645245
463153
43481
67006
636151
197248
545109
421946
157515
618012
619164
438072
691939
16929
553424
599487
376411
43054
36267
48406
204001
694279
627022
97467
239906
435422
191094
489100
636234
402141
402138
376114
225370
181199
279938
552829
632594
495234
213971
423721
177733
214005
384194
495240
547165
374327
634558
551547
191027
421476
381739
181011
432694
549195
631578
444254
428590
444735
635613
562320
557526
162475
250967
25012
251175
439658
408911
618634
252189
374178
251507
372828
251785
451457
433188
421734
435324
207946
225095
430790
389695
177776
552722
522795
551714
426161
441220
627533
183684
523063
550550
403662
180620
126946
449946
452853
180643
217140
268092
143865
617538
102720
39700
635761
188792
372295
438390
250968
252012
64622
599522
636638
562259
627208
504509
225181
188810
228248
421271
35798
181588
631920
251743
43055
666568
427033
632582
438081
548932
188811
418514
623937
188965
551378
40383
30747
251886
216912
250966
493038
402199
191035
627133
544811
372872
403723
4318
161986
181122
548987
36456
552488
624372
51006
1120
599516
619031
372876
251531
438071
189019
422410
191085
599557
68228
266059
636313
143165
430776
68204
617562
422331
190595
548642
376648
429209
554067
554025
67106
383135
459789
215234
522759
100327
383439
183354
418210
102706
638631
376410
194709
422392
429774
623164
627110
267286
555012
56140
556697
562433
242892
559876
383946
635723
376671
504454
232198
180950
376368
208397
36398
25005
251946
525346
599138
214096
224751
236402
691926
617531
551136
376146
218370
402146
99080
265998
4661
56424
427078
438135
557643
522710
422062
384538
429777
554719
126955
428730
418553
252120
126950
191018
438085
684630
242461
560537
376458
374544
212399
126943
251200
407200
200730
251682
18323
522984
384308
397598
216914
189297
376729
155873
376549
384354
251271
437478
126958
545110
560367
620042
559854
626278
627338
560397
43565
438076
200117
694315
560400
203609
694399
427899
251801
549141
636015
36247
452797
554270
376372
210654
599494
159940
456796
236102
100796
560399
190795
552175
558708
376369
520658
252225
100256
162478
446528
599554
438182
2290
214612
585275
393111
236136
181618
207943
599621
217137
427193
556117
224824
372794
522969
450745
373899
495056
252541
42264
216941
209209
547712
2832
383453
371639
653751
438594
189309
694361
99343
636256
491697
369856
402198
100816
23
548509
548705
554271
305239
430566
214447
231771
223160
265075
234657
191048
562382
376720
100269
431175
142261
36653
11592
1984
440121
376567
373953
431070
651482
452380
100369
418285
251879
210403
426153
188943
551265
434088
427191
497493
214270
68497
56033
559579
617856
627123
36250
245992
181317
143866
226374
224750
225021
521719
549198
202061
181642
429583
546154
402183
157497
197347
12244
632549
188785
692296
6356
581985
432925
635678
427603
636121
489395
56456
562392
446309
633445
432115
56448
423850
694413
627126
402160
35609
547799
203985
265003
252103
425084
627534
551282
437865
102568
599501
435326
189308
372569
488577
38982
562342
550951
689727
224814
